L=0.001;
R=0.16;
ke=0.022;
kf=0.0002024;
J=0.0100;

