L=0.001;
R=0.38;
